939
887
676
487
176
532
701
388
490
932
762
526
815
726
440
626
187
277
160
442
190
152
872
72
618
309
570
770
201
31
698
246
124
496
758
499
464
211
761
101
459
38
449
675
966
710
48
263
74
435
507
688
356
1000
832
519
43
229
360
773
460
594
441
497
996
820
937
130
766
889
865
120
468
329
537
689
749
918
422
93
439
514
967
551
169
294
842
951
381
542
299
884
297
256
167
907
595
628
530
959
220
102
175
806
979
901
614
652
732
978
358
878
474
829
375
877
615
123
718
708
586
792
157
383
215
389
23
539
100
984
255
385
479
409
68
881
913
789
816
899
269
653
525
339
182
985
129
930
738
568
445
188
207
544
512
325
146
78
518
619
588
224
52
915
791
453
254
578
774
527
936
50
347
62
94
538
79
580
795
113
432
908
64
131
85
122
250
149
105
504
746
864
251
981
452
39
639
995
554
782
560
973
295
55
353
436
775
308
202
429
855
191
938
127
379
664
406
917
633
427
511
696
143
831
392
584
434
233
929
941
37
567
197
651
706
557
110
800
799
657
622
541
934
174
992
362
104
745
933
935
151
14
133
378
605
679
41
238
60
636
958
994
609
637
84
421
540
911
437
315
491
214
147
603
264
457
366
900
90
814
95
977
508
592
126
759
606
73
644
751
226
288
837
733
863
352
956
553
477
681
259
172
96
727
513
988
647
803
109
964
34
21
616
257
177
382
231
763
836
772
805
875
473
86
200
455
334
581
408
281
893
412
869
419
63
559
550
931
186
355
912
849
61
443
403
904
723
509
903
236
521
138
54
620
465
384
183
573
212
796
228
646
715
897
483
638
193
242
857
817
26
401
704
734
712
431
535
336
947
522
400
217
407
411
284
944
306
145
684
722
338
75
7
181
755
587
781
699
341
319
359
316
562
579
301
307
67
660
590
404
822
166
119
16
342
506
461
739
990
886
4
287
156
641
9
219
946
213
71
892
808
765
604
163
19
705
252
83
818
333
469
476
666
140
116
811
165
311
433
462
274
484
59
834
369
164
976
702
380
703
826
943
2
709
914
868
82
895
948
928
823
337
925
141
42
275
589
921
871
760
239
65
850
324
327
685
583
797
613
132
150
867
232
555
846
785
642
926
558
394
480
282
687
481
873
261
607
608
601
117
88
203
786
827
627
249
303
293
659
545
364
260
674
410
591
237
184
793
952
179
721
302
621
444
968
747
148
173
424
692
89
787
33
134
417
980
515
196
838
106
714
495
92
276
391
635
472
975
458
29
645
328
752
456
289
428
258
158
910
470
344
632
153
317
833
451
728
840
870
969
713
536
135
602
546
245
478
47
291
859
841
161
463
845
955
446
171
312
798
243
198
22
716
279
983
318
69
566
807
860
351
204
524
754
719
695
343
694
561
273
178
854
27
159
735
340
393
531
87
376
348
916
230
574
801
98
571
396
501
612
235
205
942
623
517
49
266
839
492
711
516
585
999
357
296
248
377
371
121
882
971
128
993
25
222
987
523
624
730
53
778
617
345
843
413
321
691
672
974
218
742
771
693
1
485
486
576
954
874
572
725
564
669
372
66
136
896
361
656
503
972
768
373
367
500
304
894
668
779
920
697
15
862
880
272
724
596
582
97
225
707
399
262
682
885
285
549
447
91
194
247
11
650
335
502
475
790
267
58
847
30
354
155
44
593
416
35
802
673
386
223
467
767
405
809
370
241
851
346
103
654
286
390
777
655
924
17
813
314
240
331
982
700
349
271
425
756
395
528
374
923
678
677
577
448
731
552
563
414
270
547
784
450
986
363
292
753
824
960
268
51
415
740
40
737
961
32
332
686
195
227
598
856
788
828
683
830
667
108
670
543
662
199
12
643
265
989
611
185
6
950
482
3
520
630
510
234
631
36
970
24
810
783
965
216
610
368
736
879
426
876
154
844
114
625
821
997
720
18
80
488
940
717
28
600
180
142
744
313
565
144
776
858
665
283
498
743
278
322
671
189
46
883
5
107
533
680
890
137
466
534
208
310
661
741
290
556
848
962
192
597
115
658
927
891
505
905
804
8
729
112
690
438
764
649
423
663
898
769
77
398
81
575
402
300
350
902
320
780
418
330
489
70
640
253
10
953
13
957
57
945
454
569
548
998
919
991
209
963
221
326
99
819
852
206
812
888
168
118
853
906
420
529
56
280
387
493
835
397
648
471
949
922
866
20
748
305
298
162
825
634
210
170
45
750
909
757
111
365
494
323
861
599
139
629
125
244
430
76
794
