746
332
359
663
942
699
983
355
689
678
623
677
115
478
344
977
775
467
444
733
542
306
443
509
134
86
235
802
814
675
245
291
882
595
817
257
633
77
248
878
558
671
562
353
485
518
642
724
172
770
40
974
495
593
87
424
501
712
850
116
370
94
949
507
384
614
69
499
25
744
781
713
194
402
161
371
839
913
567
66
167
954
422
414
49
143
603
570
701
252
728
162
927
828
676
327
193
365
743
231
483
538
841
434
818
490
104
947
635
135
70
693
170
148
107
832
911
494
59
184
522
988
276
967
948
787
406
226
782
798
316
1
607
451
285
185
348
767
589
57
546
738
425
63
953
389
62
652
848
223
545
144
808
14
503
704
918
697
514
97
393
924
90
321
955
263
312
825
679
835
205
254
632
638
665
610
714
590
328
940
931
961
876
440
620
311
186
447
843
576
397
435
946
987
816
858
201
877
218
625
869
891
430
833
725
182
928
208
515
378
639
698
702
505
822
657
131
944
232
420
91
519
119
281
260
629
735
417
244
902
227
18
16
750
56
399
855
169
598
481
220
308
362
583
113
703
242
641
387
431
121
636
910
188
621
525
628
532
236
604
160
421
732
964
315
919
824
908
238
890
394
793
627
528
739
123
807
695
966
112
836
631
526
865
753
881
76
174
784
992
984
534
155
181
151
898
454
958
153
805
7
861
132
3
799
709
436
535
616
271
249
372
34
411
654
438
763
790
388
347
310
391
831
720
287
894
294
997
684
279
909
563
612
486
358
333
480
734
611
981
266
602
204
929
605
683
555
716
320
656
649
120
943
613
350
727
719
615
302
200
475
847
791
965
209
776
521
765
673
137
326
419
761
764
999
680
27
717
166
976
349
574
178
176
637
68
973
356
859
282
484
100
899
303
158
37
225
586
571
686
380
84
111
812
61
540
990
290
71
970
55
289
448
165
580
459
19
826
856
314
458
662
873
668
354
754
105
319
523
154
566
270
470
594
907
556
993
685
493
773
527
28
568
991
569
962
96
339
513
273
264
17
524
937
840
879
772
696
437
127
474
407
618
138
479
423
228
330
646
43
392
224
963
813
539
452
280
114
129
179
122
923
147
506
187
804
198
301
177
299
533
926
400
498
759
342
477
530
142
758
560
938
862
274
259
110
723
681
468
382
921
33
23
619
206
660
38
994
88
933
39
986
9
864
585
335
901
261
35
838
529
783
778
207
573
48
896
128
109
461
418
630
118
886
811
15
305
718
60
592
21
275
346
575
398
482
230
341
267
42
934
288
755
258
26
278
367
125
345
670
47
175
553
383
325
58
599
445
395
517
792
915
578
336
50
191
324
692
1000
284
337
842
65
476
666
44
413
722
721
661
157
883
130
83
210
404
322
549
6
234
774
659
408
925
101
376
740
851
67
868
780
516
609
982
199
13
845
536
432
892
189
219
20
352
222
950
53
905
373
694
651
757
844
690
875
79
10
972
653
880
806
215
564
150
195
93
827
565
779
126
269
385
917
655
531
747
426
749
597
500
547
582
922
99
658
622
323
906
760
171
726
978
729
292
351
768
871
85
277
272
446
557
307
72
141
81
857
617
920
64
427
52
360
912
4
168
559
980
731
552
706
885
117
502
834
36
449
304
108
30
439
756
956
75
403
975
2
464
504
916
364
634
239
374
745
667
241
240
866
872
809
73
935
32
233
103
488
405
914
54
455
853
334
548
819
932
669
584
369
691
286
854
462
512
31
830
837
401
624
930
429
5
715
643
510
214
777
551
331
139
496
893
265
98
785
159
867
82
183
366
985
390
674
752
884
957
473
581
46
849
801
596
412
700
648
45
939
797
196
821
766
810
688
941
587
381
971
904
463
146
554
491
340
12
300
730
664
895
156
788
415
544
456
889
410
960
29
863
998
682
795
192
361
472
979
211
800
313
465
572
163
707
710
124
428
317
640
741
794
106
874
803
829
789
492
416
80
343
268
705
995
820
511
283
11
601
460
74
298
796
357
457
903
645
644
588
487
237
550
508
164
386
647
247
229
197
51
489
250
309
41
900
742
92
149
471
959
852
293
469
453
78
600
996
450
672
815
771
295
888
952
190
969
497
243
212
989
433
145
89
736
591
180
255
577
887
22
256
466
951
217
396
246
102
296
409
748
626
379
262
216
377
846
762
708
140
318
173
253
152
95
363
936
769
711
786
606
203
338
442
650
368
251
375
870
24
897
608
687
441
329
968
579
133
213
8
221
520
823
543
541
297
860
537
737
202
136
751
945
561
