610750
610172
740032
963821
9900
164575
260724
973579
350119
511898
489574
217268
246852
320352
21498
835883
303546
667069
570988
865697
399505
57444
144656
71243
85945
996819
941941
111584
249655
103653
476643
642028
765306
248372
859012
756820
625996
154728
579295
454567
888420
882081
702847
42204
925400
279997
449458
131054
410031
339462
1197
696657
504213
8571
596301
595663
27175
495673
469112
783044
998510
451718
484706
360882
778473
769211
632236
606338
36931
342731
461478
97240
326244
785140
129397
758225
536740
983616
267664
238748
987353
504312
235300
812722
552785
836582
464792
292979
870875
468678
281067
476831
495680
756873
153976
76845
470352
495877
799835
365835
990102
377212
576686
293683
26157
633222
667053
205670
119852
570206
680312
377225
272124
982151
882614
791320
321995
30297
195413
203659
111321
631724
488048
875588
49392
616223
741770
904305
863984
963654
874167
581508
629192
662062
674714
572556
970305
336717
664073
839920
917684
142539
149517
359816
353500
529127
372549
828568
335750
433736
951209
418154
328037
573153
415532
895431
671042
180031
702075
616978
314832
941362
724707
404928
45277
97365
225935
339703
627429
300476
175854
155074
399233
189626
618035
86895
919293
935820
411958
894726
463559
317862
41720
701030
592834
690519
143876
473789
231546
670043
492848
726499
14643
784829
212483
750356
939866
44775
41328
177544
80669
994760
739329
496881
567382
705248
852943
741201
149282
616427
813869
37941
952784
965927
391781
290065
982773
958532
501978
166457
68701
46568
473293
684346
905884
20828
713979
922195
429122
808214
672674
674003
66796
581091
857828
621200
105015
286513
397381
624577
439056
142710
504847
159865
603815
775873
119253
801472
483010
106459
609620
361104
493038
944729
312821
465257
552336
361153
145518
199697
509081
535255
825289
744812
341656
367555
69053
739827
323241
830368
610552
894292
434571
235619
583614
423207
248208
7142
538347
793736
766637
594000
775700
881749
195633
726755
195660
535621
354835
528930
328066
793699
563939
470301
714440
968998
407971
998875
272558
377263
947887
20834
832141
777247
250071
603557
525600
614802
435149
397387
886348
953915
724154
127448
657728
660636
201579
548730
766071
654307
174120
253426
532378
244252
568037
112093
754435
32215
987602
926878
993181
100375
675405
152554
700391
167412
643895
885488
307927
173326
871844
5347
861467
7982
575596
359845
679098
382842
627294
699986
287449
411285
429653
756965
684698
288401
847266
951947
224095
19730
19688
615746
2093
124416
501639
196014
463787
831976
730480
375288
778441
172528
170328
890915
400445
704565
797704
680493
740328
551107
983504
636830
25687
213168
958364
508464
269158
652501
17822
821978
363008
497130
788779
511291
390145
242877
532578
526112
479100
869903
199303
818226
977880
903691
282798
21375
979861
424612
248210
188451
606317
137865
314757
321618
977237
522888
963842
240133
988834
700220
98846
471231
346057
244468
29789
228667
966143
182754
855393
532660
350207
877309
135421
86800
124330
511732
177960
47530
281096
544334
523405
173627
169324
755619
400959
674404
527094
513584
725450
328922
90802
554139
508069
268142
688734
941636
908227
634936
525642
316356
956872
574111
89751
848901
765209
765192
132577
197822
271308
756953
189689
325961
963775
461737
387979
571106
730052
428038
811231
460286
750714
506530
417147
687494
42039
614554
628837
958126
133857
437476
640901
634999
783900
911317
888873
655421
385437
260237
697635
893885
678173
11584
27533
45415
958314
103329
520237
581212
114456
932332
329075
578501
367508
901456
570911
407759
124888
486072
808127
995910
727610
765365
674198
791821
704160
657482
622361
937016
603086
337363
429522
118086
638944
133522
635816
680510
929619
893975
163190
50916
980541
492492
129623
535192
177757
278811
906115
679564
8973
585852
544850
65632
307476
936478
730528
275676
239704
551537
314698
23561
307568
19534
232084
236780
152600
520452
756204
385120
519550
500160
972361
665807
850937
140248
509230
988429
467289
292020
149067
68369
244057
788249
308098
537936
478577
374163
160711
621432
668040
100543
759776
721862
568135
41970
987788
456516
978633
94794
550208
393059
521070
121999
220556
10160
81615
390212
668573
315766
928139
866896
229275
441713
614720
65092
332082
691626
356694
454921
127791
398516
265269
996455
781376
613441
616535
153524
551966
673441
814583
400727
260166
322393
10665
408824
552546
694172
660995
527046
332231
240488
369721
532196
807064
660416
960775
283569
530375
886017
163271
440242
887355
170468
678370
967326
65550
768271
238499
457478
700205
20056
678439
796576
714083
360407
226929
878895
579311
290406
845594
263376
876497
744696
324197
562402
43492
707219
753328
3091
804773
582955
888455
306756
261969
618268
710611
935576
150125
550852
381296
599006
221663
916540
662876
728
37498
398065
584331
591976
184471
435746
275927
928534
870750
429304
26260
772672
968868
223613
684674
496607
366702
25722
541979
758641
51540
281842
752461
61641
920705
646004
137410
959343
965527
655905
345306
347381
889071
979707
531258
358743
572158
324325
27070
642510
774227
513725
254410
903985
224380
516818
13822
418056
420553
414788
602887
491183
350376
399927
854546
512932
296495
307827
846172
762029
164217
559132
889894
493929
608871
685896
994180
654001
674248
718786
590419
471658
882835
896923
775562
595050
820561
425895
409514
694276
728728
544219
860879
734706
316529
400833
602729
347102
69787
344725
153284
669517
611625
729536
99714
674664
119302
978670
633387
583080
684569
901582
306459
987870
980419
309093
873178
297245
203461
141648
967112
932229
767551
33044
70967
565996
102547
524259
929555
924394
157288
778542
122876
742785
634443
729953
481012
504231
706031
283712
266612
552050
17877
726364
696025
907615
240071
106481
576828
423487
533886
467423
370143
665151
19619
533635
483394
434706
951090
381426
597014
368893
234043
658002
470985
924031
918531
957268
773952
876442
388039
665745
38819
56514
363104
27648
758929
585377
862594
509650
138804
440133
45406
99114
709360
663079
20520
985980
703221
457241
33715
456961
517557
885899
713783
258836
688047
882361
95669
5164
979112
732981
396593
740855
276219
527052
645022
163279
203784
136024
514072
66651
434184
611042
811659
535365
250241
369713
960241
881683
876116
23731
676536
901925
40756
317511
46465
274698
250097
964325
316165
593406
948594
58283
596178
51204
86466
391365
145587
882460
96129
829815
271662
657762
836859
233738
461607
334019
54229
632593
588002
24796
752867
590742
8934
105072
267543
587046
911292
878406
398869
278518
901975
452637
891105
293361
47053
356557
643066
742111
468292
359292
986816
181747
146472
496185
855504
44081
820440
417016
515696
945146
220832
367787
563750
238005
999137
915001
460899
610588
275981
388445
847069
146656
600143
4638
892602
844986
26119
257382
732328
156048
727603
551874
876937
346240
983849
899253
376332
47627
661952
74361
236311
432993
342991
827987
673504
476293
880141
829842
33179
835740
318808
224035
216077
74264
433105
285524
30784
46523
156708
316515
984527
53450
417893
694210
244769
591697
875350
408426
116722
584909
59525
696409
298765
548345
54418
179178
791446
433784
413455
935951
564483
378331
602432
563565
169899
957008
985793
180755
825271
861288
578439
963352
334901
306947
769086
662737
941963
113115
627986
745196
71176
790697
175626
139821
845206
279735
11918
825538
249612
580995
124937
944964
881312
269965
274025
611725
961402
650046
551235
550256
347043
292277
95188
314841
685212
906990
650979
410242
20939
539025
65282
599439
397072
803541
2738
756424
120438
717007
186662
814256
286982
383259
411168
234566
231669
754469
33528
184471
191165
380565
967675
985470
147209
665237
493936
524282
762441
294976
800758
856170
980582
227432
451017
253671
612879
885636
477411
637502
336178
33524
147135
665097
179719
622579
388985
634793
487750
793304
415633
451745
331449
752265
961358
620050
943148
748925
194559
817999
308864
785707
860828
778908
524895
59860
359244
490696
334281
743914
192896
553700
418317
438108
642044
340511
148564
65279
426230
767103
863320
521754
970711
932606
77234
658446
148126
925311
444112
421664
266724
157931
822084
657509
707130
197165
641850
318729
954414
467974
191938
728763
935853
979533
640651
446072
806786
196231
595889
249971
735804
63582
338541
979486
406638
164482
364267
976344
958928
624729
97721
18483
163267
43044
626459
397088
875186
720623
809659
899322
332244
777268
417981
881131
207181
944334
592561
636351
957300
490645
316130
654019
650928
208090
985035
726489
884283
43072
410409
497116
871305
658613
426860
28330
689857
936652
141639
997586
440170
906041
843367
88731
368801
163200
791855
730438
836986
549506
374883
720055
325597
806955
45732
29108
519174
932982
315135
339298
967182
711409
989900
466667
169702
156652
406456
501826
963384
351693
411374
27396
164380
483329
875618
917754
594100
254029
145850
395323
716965
242882
180697
684015
727730
266383
149640
755566
624118
401968
582211
55686
105150
576324
17886
309915
538945
226173
47570
542953
68541
954993
219560
211430
993519
689421
467201
130307
336429
909160
856511
606992
899300
418229
901652
774271
644906
527123
981157
957120
943935
726719
829786
716620
917157
813609
855749
589438
23961
746852
30764
691291
447085
812790
325429
45618
441859
546319
147757
705055
938728
248791
656052
684905
627594
407264
983817
343883
83159
225915
527022
831888
698420
61030
793336
608919
380887
760611
708149
292022
898626
107236
672377
281531
631261
594913
831879
947534
766702
456268
344345
580658
800887
828892
923213
569386
86380
873798
772524
372920
576975
459147
644183
58624
656746
527530
564112
951948
440360
529141
62306
909225
613585
377281
899694
285358
618913
527927
491860
780252
421635
361159
288762
172897
30319
549885
417852
94071
788957
671595
266800
320298
930916
608070
722708
403638
760948
947533
717015
380174
576364
561764
694464
711353
203161
440767
850815
531863
242188
569337
408207
805890
689623
350213
533892
87248
826212
361403
154806
729588
566193
327060
192906
213636
229164
232049
501722
38165
174822
245653
458112
321218
730871
985908
973956
232780
418863
427235
311711
873371
675060
69806
724716
769571
96061
264264
680746
761378
957866
570397
380848
664197
316349
601156
531246
908266
632761
967888
394651
758977
140309
205574
461312
305547
287645
245992
788449
95940
756454
224880
928515
554846
501356
377752
599327
306594
631050
652950
796385
648571
686484
814502
527389
388366
225044
323327
525903
904385
346656
209767
287629
115677
259285
31394
626571
73550
923186
435270
701387
177479
725971
38250
191583
430594
52423
415613
586780
676261
522705
761202
493469
331073
879160
187801
848049
812531
491531
75721
951330
496877
537973
697146
781795
22991
33784
260143
272533
516143
997513
69200
181558
662136
15304
314325
678438
482670
305307
747551
434199
622671
532262
319585
413265
690709
729833
548219
999264
143513
877941
861991
443419
450577
875020
752460
72273
534458
897044
316336
956369
608977
782584
427723
261078
209850
798620
327862
199309
55748
468794
69762
253445
660292
636702
429350
755826
460381
894458
911888
822110
973986
764839
11932
120429
942802
886713
172066
205643
297346
568381
195690
891572
951256
845009
888122
651039
239539
3744
102416
70728
491816
162681
708588
491929
453800
847628
767685
115508
381885
494784
94555
518111
65203
62451
521644
751949
613075
622607
185216
425029
103562
669958
594655
58353
978025
651946
343139
220166
358790
855210
506984
840778
514047
317613
606623
476423
73631
417668
305922
43530
195544
889168
407266
608024
761008
111856
891164
185006
880121
518884
353706
24500
89080
412675
136405
715773
711656
363989
126024
996541
615895
532878
622912
593352
846957
668136
636768
526403
58380
986907
315234
301417
268883
311996
599079
800956
225917
474543
488814
318214
235239
146698
833891
160266
578415
929480
238863
737292
670456
851239
890030
597754
126729
498655
868190
318518
265621
966335
633203
803905
58581
960229
565159
390533
89810
312857
886767
966591
314495
195591
772777
398471
966466
68375
30321
105789
61267
161451
399314
864402
865533
445428
674713
569648
73026
709873
392006
280135
266716
141510
70428
798325
418141
530357
195160
256145
784375
97019
198846
181269
101272
955209
908558
767589
277358
641373
350102
790720
846920
940349
670113
685570
405725
366160
344909
218899
911973
984409
644922
900528
750373
442064
40990
253396
467976
964511
680886
685826
662569
182006
957527
426226
689134
112139
629219
480533
352910
446449
192278
424007
752690
591252
67328
598673
707129
883215
634765
354199
538966
932330
801088
740516
742100
843571
913982
23440
528378
798391
669703
111308
141514
242910
689471
163466
227299
282592
720426
471691
336454
81832
841719
531654
600949
280707
752243
564146
761655
571205
760670
455857
112633
843064
290651
996505
158223
439042
677760
273695
754391
483090
329166
359394
729406
84486
141754
178258
11548
229277
519338
396539
704635
196052
598011
209458
135733
819551
949567
161754
173691
561925
410308
852115
447474
720856
216911
511169
160439
258896
577896
995444
689924
4740
466639
839033
66730
154820
161228
881020
957566
318677
234532
119448
586064
788682
488744
45117
813334
760315
769319
601597
575912
111077
13187
258483
937957
857502
981793
817552
488499
295155
406650
610499
632163
120608
292687
906372
152114
54954
46393
712318
574763
673949
665310
458647
961707
298782
374400
451549
12477
916588
830831
940622
362275
744439
223775
840132
566582
422556
83476
278523
381988
216957
989561
661569
704729
469818
955600
437049
501561
335374
891588
72651
862281
575944
709339
930155
423405
444899
997383
571461
85772
144261
626907
351490
865552
816529
267867
120954
574217
558121
736812
194230
29297
192195
3434
624672
224778
653350
137945
27402
328804
190338
658419
388055
738170
978090
433183
363338
585212
820079
775491
174889
347112
675546
788208
531533
786641
550597
501564
997449
599938
752726
796717
488565
605692
335065
376977
36374
844250
966649
940587
631851
77270
308251
788552
184150
227236
654936
734959
450021
700028
820181
925046
513533
416693
649472
22385
65954
552077
974760
768070
468453
901381
909113
210012
912683
224105
874195
990130
383317
436013
905287
861452
247441
685747
332462
674567
328701
829226
209829
667982
616179
510800
810856
557413
749813
436567
547978
600611
676406
537766
921230
581565
18755
273526
338278
548220
827533
638557
397637
537808
84563
754152
323235
94463
420080
9440
347277
25014
602750
678383
520037
421952
23398
627165
46077
876244
826374
774643
541068
871688
194877
90112
405323
10788
816662
884473
963759
938002
405326
311227
236675
208689
170819
355501
560417
825096
347004
40129
490765
636567
734607
752537
41005
867017
213043
202054
858025
27975
910307
952043
672155
807206
553770
413376
453107
389696
401937
260595
935850
7136
573539
617704
57313
462999
892954
295329
444886
395179
931752
863481
625473
125807
566179
422603
678865
689966
880205
199152
180286
20353
794175
640676
887051
254144
952242
385226
472346
309589
834858
417606
906987
940716
247040
30344
106931
10887
321738
986153
427797
78765
788201
768301
652287
969986
616750
600681
973028
805874
872105
411262
211601
647047
290000
916867
484910
505947
522377
173121
490324
372903
753877
912087
717061
323961
851800
956158
472396
733188
680649
575975
625714
949265
229810
191041
784090
507412
40740
195862
232570
682009
316283
971413
60086
643805
710857
388970
831067
195514
204322
713481
451316
712122
861700
620682
903436
226060
620384
3759
673218
24787
604489
744385
413954
135644
273336
361303
44325
861288
753978
103224
146215
453544
456887
327448
946241
334343
247327
908095
589923
506657
604914
24391
799184
884817
450796
472452
326549
586983
695372
839422
749799
14969
327296
83481
378200
588112
496943
70038
274422
208708
19362
147698
797056
147746
6288
94892
288326
409673
431556
923876
637980
674772
130669
446495
766778
370289
226498
392551
914547
681808
69968
603023
72272
537400
214305
994773
13385
585715
43594
916704
202591
554858
717394
946664
503705
340235
917370
242484
26393
262566
77934
390655
45977
871383
489798
168372
885064
507742
202233
617305
843643
600587
107615
396744
807954
166420
641440
523735
35560
465993
962495
482905
668662
237918
559741
662014
295109
279463
23979
901269
763277
37219
729615
933170
224815
247087
468594
647403
617292
134172
925061
351420
321152
223962
193133
202826
978559
133779
349682
841157
604554
482068
114047
984998
910285
37286
569431
416216
630040
247035
69333
859187
627896
521476
130717
595363
75185
972831
273061
864167
376411
532974
806042
796597
549527
599875
315696
488572
659692
860727
565193
80385
708673
398170
445569
533035
841657
12484
824212
885274
652135
353546
282477
228273
890092
434125
138955
266932
948148
890540
399634
537741
504009
664025
715500
293353
933330
12233
201562
207679
449965
239749
77979
854065
682212
245278
379575
188811
73486
461757
630056
72040
271365
766488
179174
731955
428607
554753
762062
111243
511307
678425
201966
429248
697898
606369
101359
128570
728840
287153
58527
586938
886165
146113
700763
126776
212037
233444
23766
662954
409120
964181
925128
321830
813766
177450
427189
714014
401539
601509
85592
867211
876875
691050
503148
384293
499346
864138
601304
325454
387530
372925
288373
596686
775226
84591
71933
701753
313464
406001
42641
876525
918403
672272
15782
67448
464895
799491
517774
833046
220877
114941
742751
54423
249798
634211
740482
914591
581781
466840
981785
517448
695022
706611
745614
821090
276015
713170
355061
194330
795217
450440
252701
128952
200266
753522
157496
685698
699779
54759
952484
864126
278577
991629
922773
986837
321427
561736
933665
773203
615494
187598
119912
968075
381896
690838
513310
175704
126855
403823
798839
4990
726373
153069
977390
65070
59531
886206
984177
599656
186471
341338
719852
735035
460355
23897
372272
336872
52419
256158
440256
363301
548283
784689
443000
125693
751979
120747
323291
181460
557464
163914
742647
877256
810631
173861
125623
379316
986905
583993
135237
139598
996222
6689
320089
120624
411031
154724
386083
344564
881068
735080
599953
591480
331271
779269
633021
193345
396971
139381
846263
380283
634036
660071
449834
291678
475148
817906
448301
737261
987783
927655
345512
486168
352668
753151
563297
918914
103937
222387
725666
191581
190050
272235
296969
842032
158781
740046
533996
913402
510301
143224
208102
692657
648496
602698
772163
124515
637767
159770
67460
368894
697899
740043
765647
953963
785750
446264
432054
638164
161877
871242
272290
536646
231288
576937
149595
141042
604338
104143
291575
236494
640148
281592
826974
851417
195617
134838
354550
109819
254221
746209
699759
559114
913175
168171
581804
808297
144768
257041
135756
182027
900390
919533
960597
85013
923714
906472
428541
343330
754362
537614
564756
819680
623460
291706
25681
424663
810649
647088
540151
886346
125489
37321
636259
130102
373728
61385
94773
4151
663340
690700
392857
643786
802442
56863
283441
966509
396565
369580
340832
443811
787050
315789
100598
310804
475490
58433
932147
849488
392941
211324
266682
658548
870663
7832
900180
951717
445722
469226
418525
843834
785392
982064
774031
335158
519187
867878
822376
565874
503684
679223
140603
75225
999892
243281
799313
978445
362209
411601
155129
956712
608304
727901
826611
631709
290788
454097
710005
862012
573721
288209
121816
138580
592096
861054
789602
987698
883927
636548
833072
612616
246883
998351
736256
966762
315085
110173
175065
742513
142710
680687
329815
153602
77368
306137
455063
257385
734683
977593
538811
583070
179953
28292
718170
321578
571599
233916
554247
156067
33896
156542
241916
886675
392327
914807
346532
170807
266280
589751
405250
772451
510836
3421
791489
64899
189848
874610
879704
220284
986561
641426
27993
726832
719606
277317
320919
966817
793489
136429
195954
663085
381723
158679
697537
536439
94083
378419
914586
734246
365115
868641
30208
394887
994224
842721
668138
250062
443172
959341
698348
170042
155625
819683
562629
116374
732091
866905
826500
259355
7803
217301
907671
926515
825540
842581
549873
594328
906924
734536
891095
686939
498137
38624
953992
692801
781501
839295
231943
476936
119599
273550
136774
227143
923943
785197
86769
229875
662806
572804
197395
969534
795936
395448
645097
196825
292407
476346
80386
6618
962901
366905
422543
343929
801621
253559
579213
94005
890543
323513
506187
973524
422287
409880
699674
782791
541584
842997
64017
509099
484634
33034
724282
862252
998932
629211
950813
225732
389576
35019
849126
958946
798803
306186
745013
572005
854213
295148
112131
651143
485019
97557
647404
850647
917142
311505
750877
40222
983799
849344
357914
757859
737114
880366
584044
512075
99564
277697
6310
878424
68939
586955
940115
748754
314681
996864
630334
304579
576379
642177
648990
278299
211860
7639
746459
404596
499033
976507
855873
751856
437233
211025
126784
986751
849003
380021
82653
618813
176124
606766
326713
594808
366611
620864
905340
273551
187035
62494
521374
439157
800525
693883
818130
679125
588910
721089
175951
172432
565676
843035
602684
410466
980881
237549
56631
184354
198626
412515
971906
728936
548375
985255
101642
892553
475830
55340
959894
262333
158350
647592
523464
728418
515213
882334
785107
682521
511614
744473
3706
252814
363043
891381
315840
923606
981611
555350
288370
116465
817361
896316
222093
6510
27921
545967
695117
104686
640262
221780
908435
24704
199525
306914
928370
243180
976272
422574
264534
400651
195416
228322
436241
542995
858578
492236
536131
356529
331604
293138
68646
666255
954829
104708
548404
279157
573310
667722
340661
806155
733465
627900
937256
426813
999604
504081
300045
508855
328490
533550
960333
696400
753551
529248
713863
594179
949453
939173
40632
158359
269535
911013
676742
6241
483434
357054
844201
748000
804275
856764
446391
311430
175105
145576
490506
450390
328400
592183
158352
795560
94191
165988
881902
505866
857719
911512
781009
383041
100520
243652
595796
424045
560033
735313
427911
958346
197308
702383
237218
972626
502468
481930
128006
959168
631443
881179
110124
462256
242765
436443
355372
787363
721459
880914
703148
372190
288868
685837
179299
381489
833654
32493
701769
90517
420397
620892
632669
604015
819798
362907
765202
389233
487683
458231
868119
16992
340004
568346
294530
485168
296573
67902
918872
732235
515593
71612
30139
997936
283435
873219
199473
379064
228557
871396
618829
815797
93016
933577
534396
598771
487118
718918
27310
267296
480583
653384
756318
209800
447430
610537
321024
309944
849079
815654
653766
774916
662919
917992
515408
976101
220640
338686
1326
54522
595072
76460
901394
661487
746805
496541
170199
736827
940535
151731
487656
166723
889953
824511
117198
31708
906125
744140
217754
27182
540492
666326
145323
286835
925247
168024
626141
892511
458070
450051
279951
463578
804130
886346
632398
458217
89752
53082
340899
801898
129316
264487
238261
702718
455655
826850
522909
67073
285967
187847
503173
883892
931346
553042
36731
509756
204679
135249
160920
737667
220897
722965
383623
726781
855624
802306
779700
621637
179670
980742
824403
569957
136683
26406
28618
941941
397869
770868
193660
193242
210207
445277
238579
657840
531101
191775
322857
483906
648241
39703
289523
206326
541269
507320
206923
51782
875974
674392
671096
389737
560514
619940
378076
80
418398
294900
591130
106379
971077
418682
880866
177932
771857
241043
168282
709636
768511
141504
271210
486058
557459
630318
988452
724762
669575
529137
790223
21146
967089
439183
75023
805047
47856
17465
853682
904270
880722
875605
331289
810406
393542
659702
105537
289147
959800
462893
434477
683350
802191
699193
391794
137623
517631
19929
581278
431189
699403
153667
243462
214556
132187
152749
497963
954645
839925
441096
166728
478339
820059
698636
797371
220009
828673
643822
330253
685258
130794
753647
634464
852168
625758
83982
583220
604462
619466
318110
929430
785737
115316
889522
990757
96561
824088
707828
473090
922341
277796
538005
345683
926228
636557
761694
416756
679800
94732
993829
551804
399389
7545
174620
34343
47168
144002
907140
327717
335890
63944
123775
374974
780764
874454
195778
273888
206012
635774
748137
163719
96781
447506
813348
984647
76197
507516
673039
273401
745847
106299
159008
278336
38553
624570
969785
190455
812897
994575
545694
513336
542568
794125
201152
948299
682608
705286
948344
460266
160098
195168
299599
892590
609968
947666
72762
677783
796121
122172
314147
373948
268043
847841
880674
443533
77090
447298
917771
178242
146062
373399
769120
305059
180883
26540
982823
517106
373675
293015
209303
577080
378310
136786
213164
469611
746161
917241
283162
988025
211348
703329
200349
536755
231126
660818
831599
738009
28379
340835
268243
679806
846573
121969
589839
192152
512696
776827
805174
461926
258671
518621
720931
231678
751821
343015
644674
59890
350390
777882
397448
332126
525436
312382
993859
351313
841469
677347
818315
295958
400169
711986
266136
711582
33441
720238
628398
568075
465915
833997
36339
743899
254818
427949
186337
209071
934682
98741
928086
719415
789090
334537
597512
334589
225202
22953
682071
695178
274404
371175
124603
380792
855215
984579
325660
825174
403854
90468
88001
937585
825151
663541
289376
433669
862567
541850
274771
488384
547730
646414
67500
52783
877657
394395
984799
679688
372317
959668
293790
321298
20143
353330
966914
942389
926610
862505
177700
752090
428184
888423
661964
238142
288616
340937
175105
181593
803937
380025
831807
903717
618777
752583
942663
473165
327423
391267
656464
981427
213790
74741
509659
519198
184578
801433
156388
526143
3829
827962
216052
136094
320866
56458
664980
239462
420507
413979
525724
83657
257718
874973
428649
191249
870098
962292
813164
682437
806711
11957
359903
504436
9820
436862
163348
813856
225154
133679
709286
217162
455229
911049
431504
193111
659794
700449
613660
541020
887868
632000
223475
70475
80521
32346
50899
778873
725858
381290
954336
622731
841447
246310
820305
517245
82424
545316
604235
771150
543505
767433
278475
419915
923149
759977
832188
458743
552651
522945
416424
196756
174702
283788
16459
208337
304574
481413
159171
896656
199532
891386
526436
746259
846194
537354
326441
980162
114137
901691
532613
390043
709396
638842
566039
993142
788170
433584
98939
496052
817
900285
78076
839620
998806
918739
357736
425233
425145
173810
372797
462540
17620
148347
222719
272913
641916
289716
989483
316472
151137
508695
180037
470523
959664
807063
426126
965503
773271
43504
726930
592833
941032
450537
562781
662238
689495
513193
264270
148926
62813
37811
492675
674399
525247
529280
987252
635322
71465
478136
580188
67283
856436
979404
994897
633698
328455
852211
563381
992025
749849
569598
787845
968210
321108
990682
524558
86743
464277
118114
264576
17165
480784
362655
761691
57213
475217
509725
224198
107904
389213
228714
718974
80647
467511
286190
25963
932101
470718
874274
888911
809529
265396
41390
309143
615899
886105
206627
392404
970594
372086
468306
849859
369136
313525
523911
784392
667547
533549
892133
815226
394457
460988
304031
128023
649735
618445
571025
491032
915926
280506
154937
439136
596371
625867
925461
724814
362449
613019
392345
708465
599668
848027
40269
850331
325405
215856
406209
847758
556909
537656
464046
824596
79608
254506
659115
105451
668936
637595
530056
10844
354891
588061
583883
501228
265754
699714
297092
426860
274726
757822
869135
239083
890305
901995
104294
576652
165446
337829
297824
770418
686759
699925
958602
979671
6097
976588
32097
192316
673598
840581
859561
864571
579542
135373
682604
752376
532547
472830
315986
839222
282384
1958
441306
51462
254716
820679
643443
690329
810017
589240
417209
349175
455228
982185
91919
224648
966873
115332
860437
29008
963100
396910
308870
139512
667501
794028
294577
121991
142593
96227
937170
272304
567810
825656
15629
166980
962779
117910
397574
904648
52065
213581
395039
588705
126433
317463
837391
213228
773954
161783
395355
888106
123927
995707
376436
738840
510788
316256
552814
249501
261065
299092
409624
103709
138352
947990
838972
278251
618127
449338
610740
898203
474235
282440
969959
626676
969609
518980
129695
292741
289282
589385
109128
880271
505250
699535
482056
832607
179021
8139
415669
534271
474255
843637
559159
288642
813198
477413
801596
75518
294159
775447
34449
157079
82209
884878
927268
605557
268137
232660
34643
878167
315979
643742
267888
352961
323443
564622
233172
748561
549245
386963
480028
297456
499463
181804
760901
294627
294416
30921
424032
22337
751629
907154
666994
898815
493832
720897
545642
429159
489333
897002
734271
866664
222675
906523
797286
543942
490171
30942
428973
659058
813385
244379
330039
699508
541028
768218
343188
267780
70891
308967
393276
806009
185341
561358
552425
859609
589349
586118
606926
211151
422241
197418
428727
540090
206221
473442
411774
231393
683889
915168
929639
289541
285028
726406
261337
540687
870811
124070
615674
656105
151697
926433
782565
753641
150549
472048
995466
490343
37547
998913
364899
542895
410784
175097
216911
279122
156654
684376
905933
351383
661255
755259
779734
423119
534785
302906
475414
431686
407647
426417
714377
515285
887096
699356
853167
922965
83847
691228
803371
656110
799374
816854
789694
387853
5863
830331
214042
26996
225960
787682
225766
964779
262898
405072
294862
459412
759575
204826
133123
461724
652069
913826
267158
885966
717075
351229
892588
577025
840263
461749
878303
424434
572866
126442
58610
893420
876329
216851
713390
884963
868273
123938
865565
289633
659109
202630
886114
155032
193047
783626
943731
942422
136353
366490
228981
239062
7510
544230
831027
464434
988363
698207
385722
324278
215547
442271
937043
731217
942683
677797
683037
941029
714683
407421
299463
566653
806229
68287
716968
516446
4662
985646
31355
394422
164422
304576
119354
25265
846582
879101
861525
418091
990724
72448
273295
210112
10030
244890
824054
452926
384113
572694
626941
910268
403132
945240
902071
793924
626614
176543
261490
874475
338025
937961
885998
609794
583433
810102
429561
390693
379749
638180
191208
661360
207849
190777
333108
564050
488845
860800
786158
276473
933662
531594
911840
812205
661159
856085
838402
654457
464700
976011
629590
594819
935970
427169
141024
310013
296158
583392
268549
767796
555929
627905
410688
145286
820140
473904
196155
886705
167886
164787
255760
502214
301463
298340
942107
139644
441840
357466
540987
116768
717594
364774
277222
904810
257751
424249
337126
912428
419512
74019
472948
377699
575748
699062
961839
880688
442498
965065
739321
656928
159204
9944
70639
261351
664080
617353
251394
868332
730828
85258
992759
548414
643653
632149
549047
937956
732027
822485
996371
539473
634829
460771
275865
509686
554780
817449
838220
432114
885919
422631
555458
151333
790531
708948
825247
861666
667452
95068
991273
605250
955629
801864
695241
862293
541808
621244
926173
894708
18306
966745
329916
972850
118862
26243
341703
130353
52372
394044
187624
955728
833718
439023
286890
545282
685919
595849
497653
694394
365136
719362
303972
545026
582345
300218
24261
979691
978064
657918
884332
355615
920545
330409
674036
883154
215602
478567
555988
917079
750049
649237
696345
653775
828284
164228
891205
324604
205933
606429
937348
444084
448128
320926
575751
983216
281939
630978
42048
260676
931801
602431
260920
808809
792842
852841
494416
586230
237867
249524
632146
523054
897397
687511
104499
34610
270565
604683
548455
298903
414367
971762
112353
957714
181055
143573
156134
350288
218558
492870
893069
898402
407486
314660
199765
166358
531891
555325
184162
493217
460653
92622
407894
299320
103750
155237
143304
7549
919396
690280
304420
736278
502635
61166
635423
580314
179010
938250
408725
24485
70913
560681
172608
215371
97012
209297
800983
723881
126926
301193
979137
120023
662510
239320
474932
732025
250182
608933
832367
685173
214254
687805
806224
354367
962692
625780
147666
502671
988861
67874
613415
279861
44877
361935
199214
988995
925679
61097
701393
429160
410897
285361
536190
274140
87584
306167
80000
885751
812715
401210
715257
634909
934326
480625
486590
498196
61022
838695
981263
993782
380387
266689
461810
176705
619159
640283
357995
515596
648802
579985
360025
626709
74799
733466
726831
317237
177719
341838
228430
947572
789480
375304
775228
838073
746417
776550
644228
756122
864941
703021
97834
259858
540009
246922
175112
358224
896660
751219
962249
285484
848322
268908
823233
176756
112157
232294
642856
572389
888744
43329
640818
940726
6385
979186
485452
77
540115
502080
521908
599061
988197
674729
887669
286183
941635
123489
247934
338661
41719
511802
957022
559974
980035
306271
162207
435723
592077
916986
653884
388848
842215
177462
977600
408190
26747
802718
441276
215262
135440
804708
411492
654024
666875
849662
244614
592953
87396
587883
461736
763075
421171
729876
853566
846910
369880
5453
939141
323676
51765
93306
807679
253339
865128
73423
753227
265875
570232
952623
127008
786671
908571
143478
44070
353784
292961
587346
887345
621133
925505
383756
844314
674927
347647
23781
825852
310841
97334
586331
829448
508013
28295
429259
216966
75241
463198
386032
583657
821944
888606
301449
264717
80324
142889
922201
621519
802601
409037
444232
87113
934182
203406
146151
29736
206253
363148
321553
717868
630746
56785
589292
174524
706816
46329
450959
854436
132766
231166
544510
737900
638704
134431
705168
813910
501730
847149
472562
231283
403615
127922
961988
609186
598856
14398
411617
466214
144833
353807
265084
565795
308773
742492
699365
854069
886425
777790
91499
301549
513150
647612
210332
408425
789568
333745
513000
585935
376076
331676
220132
706342
833118
980740
699818
544401
996344
148742
508317
57128
218286
106813
810122
63668
459230
727884
532970
958151
251646
722890
158532
840118
344654
290443
165871
703861
991276
737223
562229
443853
114182
702634
978259
384764
292841
255351
670878
805353
67192
670938
747839
715394
58937
84040
18655
642036
336010
417493
449246
327878
679217
448658
207676
79443
522577
953248
48602
589474
934967
258966
465243
698787
184020
147018
843109
576073
945606
246848
604484
159870
150094
465005
398893
801927
852902
285030
727007
326582
85548
42282
356709
961222
656503
381512
981816
926230
547211
215022
97858
837381
139687
908240
897918
411878
949755
652081
602107
600160
243446
449361
965247
216549
287166
358772
864584
895693
800761
359370
955374
889614
689160
796800
930020
123930
467220
288162
674461
573718
699200
361707
779851
538994
488382
243435
82114
154345
669182
933715
456124
696535
955456
692640
863413
594738
475914
634402
870519
95014
197046
612200
964144
101649
516451
252426
854783
489112
947788
114323
726285
317220
999797
212041
778072
176253
220929
204505
982091
25985
522209
413732
575177
22464
55399
285344
754825
144695
485816
346860
660251
68712
804960
938997
796937
406674
617152
494206
96921
883794
425314
609871
27502
872534
57581
7804
541838
993466
191412
196560
15166
33665
765032
791639
615049
390641
759982
906885
483040
541515
203340
865094
750619
605797
817212
104419
855965
664806
722147
17421
69270
613214
357019
377226
620707
4415
961708
463097
585744
771324
98778
453827
927229
957181
751832
279776
354846
841020
8666
767619
725532
158143
796296
286564
825241
529458
308302
434088
415057
769568
852112
765998
855451
908430
53179
509944
776847
854132
767287
492468
863618
705305
752825
7590
895085
960650
827444
334837
524396
625142
94127
354063
36770
893929
668274
9081
958969
11491
527642
301366
714055
430676
217100
897939
847308
853559
585158
916173
153432
831816
125393
581728
442441
169891
640595
614382
695538
593147
473088
601800
170840
802611
603441
377051
491606
504284
552525
725050
176736
218316
233187
125187
605348
700631
207386
437873
923276
501741
424128
487038
227744
691536
537918
386675
152649
234352
397292
804493
486833
149348
192257
837901
116933
602887
738851
82909
474588
565741
977693
638426
245233
4609
545775
162882
101900
764925
577150
427707
105728
52484
3244
597054
328653
465503
240706
360030
669221
351762
381386
759929
271308
33882
911290
49018
122072
948294
203978
440520
906072
425775
422055
424206
798993
356758
131392
683240
993764
25112
948349
931687
112075
570576
788495
416769
41538
835721
711522
188056
20098
512158
513968
345381
584872
224049
440239
671489
36917
258692
600426
371280
130607
304375
676078
123210
281060
269470
551322
549031
45966
732926
762138
284838
548370
799077
625837
524731
113699
332067
740897
353491
427267
405416
444321
99461
89706
834363
997477
319190
628031
319253
971591
887657
889283
864024
24310
99521
570893
117487
325763
663413
68656
597123
648601
966895
931256
128342
531594
913440
281939
680384
291332
213828
156941
211780
594210
666381
524596
910287
761886
739567
494234
626124
627941
627463
823545
767910
668291
64040
106737
231515
165309
374852
150380
523130
825790
268660
770658
44665
504425
163812
18872
813493
206797
500254
284164
238598
12022
835057
238380
192958
554208
204094
652972
533567
832071
943902
579317
549942
837978
578931
80755
583736
595790
66058
763623
31095
786254
714666
127987
767648
518927
111740
299509
999509
357762
201110
335690
184706
72931
51366
786676
145822
29615
205815
571222
107904
118066
776867
540700
662299
176894
595478
546871
710232
103799
864954
33478
519311
45580
82052
653328
301793
606208
199515
319278
312948
120166
382368
847302
512652
54315
890654
758898
919555
901325
9551
964542
168485
601450
629065
935056
965610
946611
669060
863011
95824
577471
539656
362219
271445
276540
339255
98141
840334
763264
221236
519751
125031
773566
941679
930202
572472
8147
68815
184904
611583
806272
574586
687816
68160
858035
388804
345655
945718
857790
494961
817112
992052
980521
450089
700668
563869
858082
599159
757885
485180
818515
367549
794724
322305
200524
619576
653738
611289
475935
962668
622876
496617
685451
330028
99799
628070
244304
643144
13939
693203
269602
154003
636605
17688
223416
650895
724508
713020
908035
959352
70036
704639
577084
82602
454953
740695
439766
722223
371803
403653
115091
701609
859536
970002
224563
740888
715600
328299
303046
354057
836778
838422
532067
809820
714355
741456
267825
665456
690094
157445
214306
454957
462151
336171
85760
187629
275130
746108
834911
388743
29073
833102
102451
55994
709834
592912
842042
824947
332950
750947
224985
639419
898622
53075
631365
436096
734433
243504
395480
378495
515352
963533
133444
316810
355322
679764
530531
463931
364923
899652
193580
151861
796463
545417
318402
642067
108845
170487
253734
878577
799246
50146
330253
786195
214997
670812
592525
191669
514344
299340
743025
985327
220029
464039
354987
440325
97552
136334
286505
888009
638608
96452
156544
10413
235482
553098
569797
792809
74204
546265
650363
218757
964956
936124
507750
884804
781969
743559
603326
662061
116271
804151
99391
157815
107392
156776
698589
28880
307246
485805
731221
842442
559709
912976
257119
860578
242741
525990
462656
745327
640637
494989
320827
617700
81571
973636
256103
826497
33176
216872
895580
265244
387352
786887
289287
332360
109063
350563
809629
964255
859191
710213
497772
978930
549638
656890
347213
340873
556068
255151
666486
624985
115955
619108
404652
720961
484039
525264
715221
758400
537420
737234
896684
203704
572743
599310
884621
600151
583861
71340
207728
31464
698895
456489
105778
540725
122287
658136
524303
68566
106189
195321
573677
517147
727394
56244
286481
707217
750445
9075
815796
966965
103827
316761
524080
770035
37601
243874
51093
203097
148974
650136
462681
158045
684956
495215
97579
918983
198973
894
810600
453372
250129
369946
317799
15529
203885
608593
309039
866120
597112
670336
288584
702738
127568
727953
946222
525889
898314
745749
755426
762817
997845
120250
527068
573170
488703
819049
937819
635804
632978
791103
202332
575536
530071
387493
958057
825463
650554
650574
873416
515930
185549
282060
373397
498956
826791
853968
839274
89176
344421
441660
460602
468162
283088
812647
327101
530269
874719
802540
418245
430377
914451
250415
249200
386470
281216
532910
735222
294713
6316
458431
792418
224762
230224
908651
453278
398744
850939
670823
77606
892714
935190
51243
796191
126611
953410
727858
26497
916752
5918
550668
891310
418977
601252
763939
775015
490129
666995
257800
559124
580964
597479
416185
900416
920669
616292
951218
773928
61673
485938
185132
534504
165611
357954
763318
683990
625125
688271
40687
352362
910911
743968
79838
525338
390775
995562
368878
677573
83430
628690
778441
756933
99691
888911
61775
177895
887094
203694
837747
637367
491507
74159
3762
800308
559056
455437
104689
955106
673133
188443
577651
823039
42272
425226
400180
290381
46689
899271
713316
451470
59161
295105
170627
347342
288578
363912
9557
387226
999994
43089
994947
197198
447082
802326
408078
945356
838221
551322
823856
905993
20384
244170
681937
423489
299109
566591
430306
547403
406739
164192
292378
724743
300637
241253
990603
59187
554205
19894
196640
804893
948445
490737
948597
179059
88834
736907
511059
716726
604118
495758
73607
829581
538672
479360
247325
215350
155778
661348
649854
368151
742207
968218
350755
453043
138855
272481
392821
65272
986224
25469
38275
79412
696914
186164
287327
784424
792112
390962
468054
328821
467102
623564
510409
1715
196691
422433
74220
394529
581804
839517
682587
843894
61850
657367
415444
291158
903274
24922
806485
853088
384624
993345
5203
956772
349263
765243
525972
454194
163430
276847
221354
622349
413850
432377
405260
675391
349692
351313
747474
185350
585239
134541
199053
321068
221017
477309
560256
556660
700507
509620
625279
647216
472719
414630
881123
327792
836165
83245
126695
266581
707162
670246
749347
915267
11517
75384
926050
13940
471327
883316
163362
894826
123319
65432
102631
494973
68463
838062
849596
723730
901102
152850
906823
386860
390531
192592
671048
110300
487915
238699
223470
358292
793279
360059
529366
607642
354429
606702
13153
482968
716657
306479
800368
639951
580095
923363
133246
364972
85264
370064
448603
221683
141655
132952
19905
353176
988351
919588
477205
838765
430643
911004
86075
849204
177417
544210
857942
994838
913355
139454
106395
213933
992740
172132
188177
653372
709476
308306
721767
211262
806704
644229
330801
698267
616777
762411
563073
835383
302583
122628
738398
219557
835217
596962
222052
241274
338348
162255
384759
932731
447454
625677
687269
826488
180526
276088
702232
40050
949018
304712
163956
916791
540035
650675
331987
973199
468153
650095
936666
963023
315423
317525
855160
811914
989563
193761
767227
517159
433180
21078
504014
162190
949608
130686
286995
255164
511489
123087
523801
916087
911700
587114
306746
147227
865214
392380
187156
587282
914394
457799
767970
511586
994923
97083
982134
707232
321763
997246
579605
549570
455502
291979
122991
903826
719838
729270
956985
485759
62867
557838
376553
998542
601287
33947
325133
490541
45971
270214
946377
74472
412577
920600
636971
5109
553488
380699
598700
399465
115773
948508
941958
243021
658421
702738
59116
693772
308595
249177
394475
877827
342231
199447
494043
610107
838374
787647
978689
487347
191160
517492
890053
666005
109634
847045
491722
79563
52160
796119
436143
973995
210623
779424
98594
535374
500676
748239
912348
973374
686237
898058
341245
717005
121474
591503
880068
167491
442726
273916
154922
620847
261024
105770
208668
299230
358129
63027
429716
855786
59825
771668
764819
651113
6683
119086
949885
550023
53873
563367
115088
985326
249677
541485
441282
516961
229318
704603
152759
51944
626299
314420
859548
550374
372799
536651
378147
156614
489185
753733
70747
991444
821718
662519
70570
131624
742853
786601
450154
705980
769263
232700
359326
325599
538874
897127
436944
583875
658649
89117
328712
479856
142553
100555
264683
435355
951241
104829
685229
345938
133447
200224
524724
677134
999203
554722
542091
715307
309747
44790
196031
913203
320115
311539
332122
220054
404950
478108
856761
134326
116013
896762
707212
239135
31987
195238
949226
600980
662131
145251
866703
208772
380950
463143
238387
925980
722637
750458
561991
286902
202967
687416
783566
725806
189167
300081
664790
267541
240982
223599
910931
388287
402296
552407
596374
876599
320189
559272
164463
999955
707055
620705
62172
286498
292803
42815
953324
225601
411718
316580
361652
9549
430629
538259
806765
613234
462489
845272
804905
613346
180781
205637
591024
52002
235565
876438
623035
914686
181293
991286
128332
728541
384819
373403
364328
300143
29762
290252
673714
548995
908932
863426
196134
532916
338963
169260
624878
640259
303012
346765
552932
105473
7504
794241
813861
390435
388736
693853
466318
806584
537589
592243
573846
920438
46834
102517
970184
853168
620038
441713
647259
80612
184249
837882
362735
196208
581459
128615
287463
846693
532355
806901
70749
659252
350387
866056
253254
624197
720358
24718
756708
51495
771722
676228
129954
916961
253728
940307
707791
278887
376708
436882
872186
79337
91
628463
477990
909381
685977
936999
195498
970524
153965
601138
38440
245057
173065
183869
863079
916046
134673
212303
653520
113745
227871
254861
87362
44004
940401
852313
549458
14618
85168
229780
617442
195029
729309
602884
245468
29237
798106
462929
985676
354411
690195
943466
733912
313259
131783
623429
441052
263616
369399
148931
718694
240377
792809
320817
898699
116225
586073
185195
435044
636812
676669
432347
468968
921966
937204
441311
96487
750214
793546
680713
601697
777367
624234
370367
260801
776887
479905
120195
498297
818208
196426
406797
599803
376931
462172
384852
161745
417213
621708
907821
147161
553730
737312
999818
872801
800182
731026
598307
510939
169915
344733
225777
523325
855332
655975
305303
313655
398823
103946
594204
587858
338737
966592
48275
296802
334548
339435
164764
787943
119452
260671
98115
12806
810047
503117
216069
269663
943026
389868
249779
472651
836632
709318
365296
345971
465045
513660
190804
960592
867521
40503
398643
389946
359161
600077
726712
336111
22543
103755
593258
72227
16737
919589
541393
107838
934535
305015
688050
660983
861670
147575
113909
23115
324449
923834
798888
936281
769520
63135
315548
995933
48329
993884
811949
550471
556474
371811
532127
495735
579480
41328
43172
144344
827217
258674
123515
386006
579550
205587
221938
315453
779349
935910
208012
917039
486555
431788
358269
323778
586935
587331
431058
924788
635905
465452
668077
302091
413945
175223
643758
19470
373492
349389
191726
125273
129008
746842
400933
663649
589129
863701
610283
808901
628101
633581
864924
958028
154377
855314
471572
881089
8303
167132
325017
805032
367791
850972
350424
747356
503162
580990
211144
800390
613669
749015
265643
279612
480898
362641
834739
78004
309835
558192
849921
786467
986168
759168
299784
337974
965872
299357
42960
593068
391259
461407
602455
917454
220822
666016
54738
760844
61312
792363
493009
504374
601777
625282
408960
323987
273739
205516
267017
532001
42792
726873
303575
156202
796019
800723
919990
721984
254099
479300
293142
614485
471809
908542
390831
646137
70586
124907
415678
4336
252688
42673
257389
342767
274908
639745
817232
796851
87054
406397
28492
449151
476837
475268
743186
743344
506681
472923
185545
304318
868725
570425
204490
531089
401251
392559
769349
285117
915488
43954
755200
724508
143662
307654
21312
137927
904808
353929
576192
453489
809040
883226
419294
547615
426373
306340
820565
88584
447632
447371
663525
126213
835805
109745
574223
811124
482822
879781
573116
87983
531147
483753
858110
402020
845534
459934
904558
521553
375579
194318
848563
820511
359893
814038
624804
473431
99404
16174
1541
223365
110650
624918
600238
397416
721548
37919
286666
476562
735406
905620
85050
80227
591295
166723
369433
510172
18020
672939
970139
589410
297912
624579
601806
873682
145825
602149
135427
1979
924990
294293
829318
360252
310396
495602
916424
981499
899784
760824
997342
899391
124255
679088
939106
761707
513345
731829
522743
379672
442499
397795
531691
943565
701700
495773
749429
580894
534648
977147
568733
902366
656160
293711
716731
305602
605786
811666
942167
15699
105172
449328
134256
530191
815004
841197
427608
22813
443411
215474
719228
205676
374145
589624
496642
936295
532482
218256
898635
379158
94749
71628
930135
17236
483189
716302
584072
205545
567384
479019
156607
563715
726580
260603
827363
39190
898474
70015
634368
434381
64123
402287
888651
808107
94624
826976
356164
170691
111798
980751
413428
353232
953749
633741
923094
103602
742465
638982
927698
465222
501817
310831
347236
17504
66093
346700
24411
971368
106061
692443
808382
300366
189053
853024
53897
338027
243684
327822
883861
686581
597604
987343
633109
831903
822436
313584
599740
660171
446408
436972
348669
517677
825986
319700
996010
982973
240066
751959
796606
297688
773897
626292
177782
535220
983707
835065
775513
900798
253203
407734
742873
468562
794128
29059
922578
300374
138381
987307
28335
97460
147343
382452
930412
831410
512759
68172
699509
332911
13111
679442
52654
931324
986914
943549
69772
787668
620315
930029
447008
510841
109167
703820
736308
606637
445439
687841
361678
148555
423894
122353
850193
25216
171481
954770
625475
218536
637404
943373
463082
390985
306833
548079
57103
336230
651547
665837
725540
36353
944705
60337
208513
995889
216125
389893
802570
844379
492916
907803
684589
735440
698241
794870
402504
686403
317674
760633
942247
348901
962804
522698
832811
733919
255955
967907
455174
871787
199289
697397
166434
653904
93327
127480
842017
847288
138625
608340
948351
67119
169268
584421
538132
773050
169619
682863
599799
639314
795463
100446
255228
630204
272581
379959
868765
575686
775681
440609
872950
295199
669824
55690
140650
237204
736843
134647
834020
274531
863359
89452
246648
988350
154561
651828
826599
640925
530448
744206
544833
69888
176947
824500
219045
261376
30417
400841
217700
253521
709151
141662
252996
581719
555827
657761
121184
258913
175736
921058
772589
918406
971003
758531
707031
63578
52449
508156
924553
373005
819835
288649
250956
770401
587954
122736
969543
651975
950813
636914
314468
910420
67890
231566
183572
837221
863832
953260
449704
419788
578842
798893
591712
702965
361464
530444
341761
602394
379352
716977
41567
156830
85594
832786
675643
362826
880328
251526
912261
498467
863340
185320
617474
214052
786940
895844
348808
979549
67569
564193
466279
18472
8502
932747
986530
862467
823419
869948
620507
271503
455592
236102
356812
505124
129775
283615
349169
90447
592570
128618
716228
291945
906564
476190
750816
755797
540292
816021
168711
643029
728323
869427
268671
342218
203087
7217
806679
41734
706312
728773
22791
599759
744087
635056
338293
423347
824831
970467
281748
952259
858891
414159
960551
417325
113575
200200
902500
904442
201803
885717
912947
753632
458706
981462
39253
624133
178857
669714
38754
87825
952994
830236
495402
939566
607336
290850
348285
216927
840333
423762
563911
758458
590272
910825
953619
200323
327194
611162
809200
601639
202903
488535
69873
810962
651553
184318
968781
119469
360264
843171
734183
562295
653071
977782
72937
77439
544672
474321
15177
810811
129631
67553
81838
208584
734747
450030
237803
513215
859617
919688
415337
866736
150251
275792
189348
971710
3190
861792
166028
584919
274865
650456
657035
715854
22289
31174
305190
588374
266049
578289
662589
323165
23287
142530
573100
792642
64418
162640
717716
426485
194303
709063
86004
759722
856523
218611
915376
611002
252755
854127
778740
7766
678567
855844
295474
798056
451693
4736
978503
904776
376913
105461
217468
471511
566106
477419
764647
133116
237912
621316
88434
837497
301498
213257
625011
733417
951292
127158
139707
463192
814013
690590
100459
221695
147374
336444
44095
894810
335654
767832
62190
710952
285139
928979
142762
298430
330124
654351
334850
378889
389570
14525
691047
628702
963284
329732
199628
731199
617601
313419
149030
44333
41463
283171
790547
92581
361099
652436
364375
486456
100482
449155
367169
437706
169996
51068
718252
311463
85648
277346
343329
811133
863266
577712
831706
900986
908498
912619
684898
353859
359582
819238
540312
170445
421639
241457
596433
434332
559233
549151
17885
566358
430147
377843
625890
664259
434815
477735
25829
844452
980972
896408
197416
599212
571070
572497
495277
638431
662839
702578
816536
124806
797655
336956
97010
371916
431407
288892
803530
200377
368660
41618
826678
545480
790702
728414
637303
169318
443696
428038
635770
865802
514722
420261
537339
284908
463833
523027
6149
480931
470473
282317
377876
889822
527473
597185
368027
789246
288756
463737
56544
986959
254472
143521
539141
586658
53703
316982
865827
693256
807331
12238
546511
459117
369719
21182
461822
900302
175672
98475
534597
444568
316362
890800
548216
347871
137263
30953
822004
997623
788826
68570
6585
877491
342626
884288
92207
855672
418322
356017
105353
447548
83677
22514
956231
914273
915566
822805
868629
297640
198622
670925
615697
233491
471039
910288
416042
651036
92693
768167
606244
345547
679589
593813
264248
533304
382053
166818
142551
169309
530578
622019
629967
15191
864225
29031
509959
811001
762061
465568
651876
80141
780239
388588
546510
983208
266924
793824
104589
684585
910952
557616
397325
189582
90072
102365
662144
141810
529557
396987
896034
945767
319500
483614
409688
253100
922291
104929
574706
712907
497686
324306
399824
875602
351375
702397
664992
660779
815316
920275
578629
416154
235051
506935
921747
643155
916472
620966
405175
94710
823223
822976
206132
231912
514052
244471
714824
618191
67031
340307
571885
533865
126094
217951
433083
563786
709603
695348
121642
831024
405885
118751
30901
826948
517474
613298
470171
221488
260809
796452
497536
589015
445901
809893
519664
967478
426046
477443
399811
593557
222994
83250
76123
318633
105913
385851
957770
879305
118350
963332
532881
563275
493993
22456
368003
75579
251217
761234
696137
33271
474639
754955
992062
860010
291677
791518
58810
678947
511934
673525
59308
87377
699047
904434
134881
343005
604891
727259
559073
550052
227092
266018
578104
285904
239709
124624
53906
145810
777469
929422
277568
835774
608141
127888
98071
435138
577131
993822
399479
672004
389895
267584
314729
703000
35674
707014
903522
530075
357367
889201
678948
745710
38074
180162
445764
232338
118301
565788
307654
694237
673385
413656
960868
120343
496969
699110
627886
954420
984505
515482
122443
941101
962846
77018
456669
145277
721520
207267
886723
636981
637970
748339
48696
94524
497859
137431
255832
318503
278636
302993
109635
479985
683801
160677
951450
610391
319877
480512
654695
946387
784269
729222
89753
675698
382279
600823
348588
47124
873836
946045
528039
503040
2160
577684
7551
879329
619059
366550
462105
644449
744143
330466
823661
379873
134929
798056
170502
789778
179653
212564
705317
915827
424171
811221
695814
483623
536262
698889
39226
285170
886290
801799
889459
806736
110293
156360
939678
30770
488526
318066
67371
394710
943434
896707
947752
149121
88214
611414
341835
261916
252943
162453
517134
125417
712149
689468
645621
629344
992734
680774
185323
813738
877159
870902
293578
433145
704068
80579
466362
652610
544089
829921
720304
428248
181601
773032
448024
87654
845355
217699
428622
204681
963365
706936
395333
754568
302225
767343
322122
152881
401556
225632
699427
955217
784749
914941
408593
546447
764611
17657
658485
762469
286807
422804
17679
169020
728600
838661
835745
517347
677141
349315
31026
688749
625421
951151
683374
882980
3170
902625
713451
291053
351852
195277
240710
208762
714154
822482
844972
978533
724820
161247
331253
375344
425292
336322
263146
767894
593586
77007
794791
746637
34262
654441
486556
26331
209801
648496
153901
720594
161228
194439
380217
426538
237162
409216
349112
548089
800418
859815
711294
35281
92284
80552
32156
926454
710268
80477
111205
532474
269172
528760
3214
264311
851124
222665
414959
499689
63133
770925
676390
629541
447380
992916
819163
855610
124946
149293
938845
655843
486551
583344
230827
553509
381182
385223
274704
265803
881068
309722
347621
660988
579874
754294
537914
871606
815283
28697
645712
152745
167375
765852
870653
523314
882173
814909
161202
985586
855911
208072
566041
261515
801615
704482
702808
891959
487456
137074
916339
959364
786015
761389
613518
629616
278464
449084
506127
657949
926101
232203
459234
413425
33505
594288
259094
541580
454411
966070
651365
350951
23790
150470
794129
834182
922829
289137
73513
623897
503780
691932
265771
96565
516633
836809
691075
531049
484882
823166
227314
882304
822816
264916
628938
262739
873240
259357
150101
938696
689987
389107
783254
189995
956011
151834
111335
378791
868566
73233
433793
163744
428751
771962
465306
986160
748447
959395
602089
66493
938459
264432
543749
600052
885463
806567
489579
914468
666680
312280
503838
927737
847271
29095
509737
709331
542114
532919
815104
652674
475372
759989
479237
226145
701413
837310
890022
325708
710068
509998
39203
292671
674464
700550
426797
908044
301438
646201
675626
747256
860805
783315
816597
189171
415485
163335
911939
457971
841046
256851
383232
871148
342357
589842
511256
22830
793513
466206
469106
677658
711708
859359
2454
734850
481253
728373
482958
157212
741402
334206
336875
976227
931202
959364
798239
818699
755977
830022
9863
389279
660108
351905
426380
513208
804884
735515
851743
455452
528993
190988
540385
582576
851035
239466
506853
673115
199981
638191
304653
979577
549870
203369
638545
995257
770868
331806
322910
390676
660941
770521
482266
999786
625352
132758
94598
903739
679406
773509
831357
948094
912143
604222
979865
364514
860214
130242
11637
278302
386686
427498
367948
831863
28798
246063
222272
975118
196959
227477
721911
9763
538703
405044
142624
221290
805390
798500
581587
542984
619366
497092
125975
308458
371687
511613
57154
417712
387037
502313
986592
816922
356761
546097
59177
235854
876804
369821
99574
931783
93533
513358
608971
385618
903690
193532
873458
114082
58048
501208
212531
758592
871116
732176
261427
42399
351932
259953
636583
411982
916140
261670
625651
254662
978352
333534
835043
973795
903771
193100
606404
152688
14506
212360
457952
933595
160081
269907
771605
364743
419743
943479
697745
900352
779280
807245
429548
284810
851631
416600
694946
924626
254630
326287
328492
292678
256548
652984
908921
581952
65577
559600
917326
97949
465009
806919
81207
264108
474810
391432
9448
201346
508340
402838
384822
59307
462277
533745
18603
681915
340342
731864
682377
132738
436605
17545
231582
162845
62567
307620
681024
664105
227938
880621
605542
110739
163812
699888
484643
336203
141500
474879
413376
452311
758771
287767
56052
68
650270
463073
80898
561399
850115
539028
844528
741409
476326
805303
960671
781457
244335
630788
862604
454947
80185
347497
968546
320854
679929
283944
79481
595452
128201
435550
40879
590218
875664
982560
428897
161359
720
883585
254727
300674
834508
184560
728361
492020
72340
631614
319106
829860
783854
649982
652848
90225
975331
481541
373140
248170
754531
597073
528972
45953
726805
750470
464970
32351
349504
326931
827857
93137
197839
53236
728716
498783
163396
958800
677899
331517
830396
665218
829274
390235
267674
546485
83008
744407
917139
935784
271121
11154
178646
29329
292464
854240
461334
741533
553701
416345
189493
680470
312727
697548
259278
71262
198694
460756
191647
432472
571175
304642
354514
934310
476541
231161
543078
112908
106064
926745
592639
388403
954477
71572
131974
110090
575930
383516
153534
124167
552020
494653
131301
470348
357895
80967
151618
98020
369577
187171
316433
744620
161619
845510
791433
906446
757245
164676
301831
441001
493877
742972
486232
975373
497596
420722
364904
928354
979837
825210
927234
406760
142379
709775
708674
774808
857206
111747
547679
632106
711401
708881
222863
361776
209699
373902
243222
495775
543663
20414
169775
738158
348099
686421
945623
438994
916336
390702
502715
553486
711804
919061
588322
873086
584530
701826
389920
327031
719878
343576
750099
629562
894241
618252
272200
669930
487133
116909
435645
573160
76780
756691
177985
197261
815794
159656
339064
100995
544660
200782
366139
579392
26984
313452
576092
950944
244044
384281
932103
434910
804242
899363
854531
791087
19737
491195
200408
217212
711351
374977
209355
950522
338130
891880
75781
167207
682510
749510
756306
681634
251424
212155
165828
182376
262466
116731
999480
434343
687359
859065
456624
111936
816366
6705
802720
995934
394875
604562
125956
697710
946528
206535
666414
627322
170868
591073
549022
827173
457242
192035
347465
598981
345178
352425
281660
701400
457676
771829
711258
954149
288880
62551
562817
637873
180699
580153
707339
237018
364940
349764
887920
598931
470877
115699
327753
443516
105685
823538
339247
429341
838746
274674
245506
927807
338691
540492
139590
500583
833292
61135
717799
57072
467683
243176
597021
146499
162463
42733
470698
174454
622736
351302
224449
280831
89905
365240
409153
695123
776698
526863
380574
610656
767570
44072
767713
572323
395426
494104
994565
379430
793157
686460
763843
273050
684763
820383
178728
267213
604733
533249
88865
380295
479947
465290
669081
389639
975712
484619
370105
166037
928615
774764
366094
766916
767303
222840
127113
276550
795834
194754
408415
971307
520059
366066
797265
772408
960990
136687
504326
88736
825657
128043
107731
997474
127360
593670
496605
901886
971055
937055
762646
234965
979040
421502
479139
495964
186044
60759
781214
174524
361550
97660
99127
806538
488947
412579
702837
197982
337454
975502
424987
226386
123288
597021
947045
103833
658484
696172
558385
802105
263521
14506
252795
511910
714216
284856
933121
368189
628981
943993
839749
629082
546595
351932
648625
814678
606704
377027
366932
119712
921936
684656
720395
858615
989597
592395
794619
72129
82027
330546
683578
652363
877306
342622
713037
484382
56260
707597
381900
988154
291191
20497
207842
806706
871997
60149
516529
458723
138550
820935
429458
696914
616135
967559
728377
219937
611980
724522
852151
151470
195881
325131
322650
533833
567806
482799
552815
595023
414777
821043
655080
514343
514245
419925
173720
861081
92831
802843
847002
857542
424522
925603
13906
864904
690649
149257
104971
128550
404073
848430
765696
430260
966321
783467
822198
945605
599218
922194
250886
8846
659016
572637
560057
470041
792099
104182
764556
950818
225039
784162
163346
507538
284462
843915
46521
794709
491656
306344
71204
453978
889465
975819
276920
569639
605193
613703
589235
173654
924953
899195
929462
295536
707128
37376
394531
463268
869973
345195
514145
414947
239247
242431
790268
541596
664040
987442
520874
458895
831833
290010
659497
619408
32959
561268
222531
951130
283123
579345
755955
453518
152951
747678
293730
88775
56075
9614
976714
328666
456032
669798
547772
586351
614372
514596
745660
103606
132796
827149
998730
274249
225552
612946
897724
560412
55551
897566
9222
660195
122484
907519
152220
766657
462864
527662
515054
922280
608519
198845
935058
400465
411591
660764
660672
926489
139986
300167
327350
96759
426988
792912
409148
14102
161136
294788
221826
751059
213310
270781
632997
204117
81103
549380
392976
914179
889897
723808
479551
944742
505773
902079
548383
18077
521422
479680
1106
281719
29404
128091
620302
694577
557054
202990
632933
248459
799167
342500
629855
555593
831039
871620
174019
163907
279242
416276
338805
995305
880645
197607
627513
680663
930692
247498
747413
31953
389753
409479
361493
428187
216136
506772
215144
291128
247286
677852
450728
53757
191487
32679
97271
778320
12422
335720
188677
162306
282727
235363
24237
457543
895464
658361
412927
899022
760015
783889
346585
476673
269197
667877
655918
254683
640920
793382
428904
17760
554582
682061
112938
701374
311797
116223
282734
22718
637655
171036
773390
602279
149483
962725
475550
969839
766487
485959
1014
880670
572177
353928
757389
309698
662541
11533
907584
201353
976849
680902
638963
797118
884836
452406
469518
713891
868580
726818
462441
183335
808631
748758
329410
819716
46682
783246
643499
187575
905941
39752
134913
858973
824719
117028
931990
350055
693949
807348
357232
885434
57654
986214
151915
61798
541219
668555
139833
318336
151634
55171
304010
779613
745129
115911
130182
522990
114935
118931
578359
602163
466342
802862
658628
761053
714189
888727
951896
282693
285730
861774
794082
401090
195021
55932
702005
814058
186455
477247
627919
783529
308097
367318
770806
455223
677617
953254
40638
97657
386759
805735
236264
635318
900047
430830
660069
736756
976719
309527
232440
215598
333439
135502
778809
937077
2840
858811
821
964641
517
160904
674035
187121
168438
501263
414866
319302
576596
354853
71757
681657
952079
213438
76897
785236
209042
348283
368453
471860
920152
134039
888664
15161
326808
314281
219865
454055
953884
892118
818447
528988
588784
290583
453513
550382
338421
674979
382016
871456
362197
785657
87064
720129
694352
534028
776133
631906
306677
21002
188171
707250
913197
833227
651613
579832
197938
748755
841831
745131
698141
62020
730344
102577
585628
457955
946486
919027
586306
609220
674789
801369
48440
213589
180867
94503
273745
111237
730042
377971
69628
423183
356185
575042
589778
480487
560492
342975
131663
603263
941703
523351
629918
992374
362978
579187
655629
975262
802078
713683
332512
288744
709286
986628
851393
66798
19120
411070
164565
840477
157475
601564
370985
663742
866707
271480
59467
885407
205223
295778
406965
151650
553564
343357
831077
340257
272482
279095
510344
252413
824420
157219
918164
227650
580773
201653
199285
332728
655814
863833
907039
577225
26724
191856
901698
677002
954014
350568
251356
462311
614068
337462
945832
536752
966603
197171
648564
441786
871117
287505
937168
978547
789613
422648
74210
471238
655944
90241
157463
384231
246567
544269
511476
230267
64417
561987
5834
268647
358877
387174
845768
313780
306101
851215
729642
225948
618807
813323
229840
62772
339589
137491
811049
144245
146140
857892
653070
232808
390257
947323
788011
176430
368567
521583
44056
281641
523070
299434
140678
95243
604085
457093
790356
179769
505104
385408
955713
126619
729540
146459
176252
897923
397871
801299
667352
770103
399062
414780
946395
554397
439238
51767
87733
359938
754075
951633
717838
573190
645343
740920
514168
548072
184394
241307
371332
52650
838439
495133
577712
554272
20376
635701
56190
658523
251184
444389
610400
508652
861310
122196
396175
765975
994857
488266
115514
477398
499447
662024
394331
356294
370600
599234
863526
537842
183807
561658
483548
43387
942624
41850
102588
154913
494932
588078
199704
588528
976234
102299
463045
919945
154169
861568
375596
354124
350464
454856
763453
625439
334894
962088
459460
320798
91005
318363
182292
183711
676472
57080
357599
658912
455774
816876
771367
549264
437791
847066
738447
856566
762499
407692
121099
169538
42154
670164
814198
243630
436078
575875
364547
487377
755300
929029
110091
723584
846146
996888
882884
17633
300186
742183
485778
519949
302276
139335
414711
447585
308891
651597
443431
892706
299421
436425
214199
432842
533430
215908
860083
390451
287894
700561
747918
962143
211774
918963
80372
561762
18139
235915
195004
347757
999049
739100
586809
686263
527864
130782
790448
35401
536876
133018
873507
313703
247582
603816
36940
74710
798272
447171
869
336654
69918
641670
745060
647614
327776
972358
680517
361847
818092
777291
97663
398774
906024
858987
671320
36817
845149
513349
79508
182652
142519
649687
190857
47736
790377
32765
41166
666202
869421
348679
672658
560372
193321
465141
659976
952866
947053
444369
340800
948146
920217
778921
3409
996849
878300
873128
662451
897614
245911
731729
282089
185390
679327
726807
934363
662091
720609
586523
892866
227529
611424
872386
745980
271383
340763
752498
543167
64830
336970
176746
533418
408906
403654
364027
812663
998801
303368
182759
248013
535140
323849
886101
935730
520210
585993
186733
427294
923028
640300
307926
926698
857240
20926
556233
597863
99821
6679
414290
142092
864007
256346
247459
68743
459888
227479
94933
498228
782220
427089
596732
91563
315719
180441
119717
53748
843805
372377
695215
979350
427781
728109
105027
197836
554875
861355
154353
577241
550632
138755
796392
8307
988913
564226
843666
769434
136537
111537
15114
830988
28884
501530
24251
922193
148713
8554
268374
418289
37954
733682
138351
951942
599571
103623
294133
447788
331749
981386
569612
925652
998334
229954
533577
764728
137007
758565
581577
682473
138298
434102
484974
152132
85469
487496
340855
885123
242815
742816
964539
806319
238006
818296
677122
552435
238387
177504
356544
53068
162379
511
313967
771165
447522
413624
212296
144032
63414
604904
178589
505526
828549
437259
938710
450079
421341
478718
136774
803716
466302
2207
101481
759537
168429
136400
534524
811745
336664
762011
618105
633138
256737
325552
722094
897720
251913
107273
584505
638125
397882
47790
376098
100294
108720
579924
212885
869473
23365
811553
56762
833114
118489
968587
72179
450748
429147
589534
911217
68884
516150
487516
77043
444962
427866
370750
209181
202153
566437
692121
819633
886054
963310
859356
247276
285597
46126
133174
632575
459470
11724
798228
604073
247303
435972
41096
949997
610515
925427
493765
280949
24400
344129
110215
220035
436830
41963
625167
249296
475699
954091
577804
111363
123916
239559
570645
853647
553918
474100
472275
87465
452203
905316
661948
84965
846735
215731
655418
91308
33914
895721
887338
650972
653592
9197
93120
