-86.28073399212089
62.281133755010956
-45.47782159779443
-99.98558415911813
73.2698342406361
-82.38285099798979
-13.716051884719434
68.49676262196806
-26.4958214238588
-39.44335928131082
-85.45413848177094
-90.95857011019999
14.78436440083351
-45.9570475827191
-54.28028438294732
78.78298109526798
-50.528854683979695
77.74467023777552
-16.40849191950153
21.115816616679027
-69.23416114430756
79.18637745556313
80.28020838164929
-41.71416558811663
56.95570815420888
75.15501875158193
71.70217865498722
-8.451672234789797
-20.25433629542887
-56.79269579620987
32.33735689057323
40.61214789412642
10.398236193742889
-27.794795352758527
39.75749929047393
98.81658273011442
53.69281893336992
51.158018861596815
-73.70937534717201
6.464156891699233
27.254178345572242
-32.74879120305363
13.3601042677532
51.95889666678394
-17.410599128833383
-43.20631979930061
73.45074664046706
-1.1236348382677903
-65.78856116520618
-93.08328729814413
-54.68172615767437
6.818214578141152
24.516421002370777
-58.79055620580746
-60.02715900490556
-35.11938937716738
-95.37883789896568
-60.9228363038689
18.131017923530777
-11.207591997253871
95.15608544153582
36.460499335944604
94.2450380324486
46.25562528202701
6.048104088934011
-65.34514862176741
-72.11813368115776
69.74713504883042
40.61685760906363
-95.67873480559979
-99.86103496764385
92.01729939250046
-13.153083318646281
-86.61872743112707
-59.05244162823995
96.74758149304967
-92.51248499610507
-69.66002087030698
-27.471749787302556
15.305944091596558
-19.329461337466867
-41.31696100178155
64.92798649933502
20.26528219851646
14.02645045735595
-56.65502448802226
61.481394805482665
-32.67326871545741
57.81698271092023
-43.1524381916355
-74.796480597465
-80.48371158315841
76.39247793808715
20.558856677445675
81.53517812379715
-49.000339842339955
2.3207371408738453
-54.37522845597327
-11.473942034628706
72.58695324443511
