526
658
618
712
666
50
797
222
882
512
163
406
778
928
891
818
128
543
445
756
725
854
815
671
909
991
951
52
358
469
528
220
639
65
149
682
481
414
413
943
877
401
125
832
405
691
609
956
597
755
657
68
585
75
133
472
196
247
981
237
655
27
883
282
837
467
356
998
615
331
71
59
843
510
900
966
136
633
789
442
611
637
953
161
913
770
148
256
251
459
460
638
212
860
653
100
376
300
345
24
777
915
910
249
178
160
737
527
572
539
495
544
977
897
181
187
211
825
856
704
228
538
586
150
326
202
155
25
743
105
687
969
514
922
667
757
252
302
540
612
279
853
907
491
693
46
786
410
325
702
135
333
62
250
42
122
102
717
313
147
206
431
887
905
306
785
648
947
958
751
918
170
886
917
283
301
651
616
156
695
610
84
686
198
744
620
213
41
319
848
822
912
142
381
45
555
98
85
661
863
421
350
722
780
441
465
561
274
530
422
168
836
408
86
699
428
490
523
17
665
364
229
390
171
556
950
349
697
513
180
2
565
738
56
828
888
821
221
29
631
30
937
802
179
340
960
550
957
663
520
193
829
96
310
790
188
972
63
262
399
270
54
1
705
12
649
488
158
463
647
394
36
392
499
894
372
492
297
763
446
272
964
286
764
159
108
816
402
794
823
636
109
824
899
566
112
944
242
209
857
968
569
443
201
99
419
571
630
67
921
424
103
904
241
357
341
681
309
476
694
709
47
395
703
959
841
710
359
506
973
675
10
716
558
842
936
435
315
70
760
878
504
954
235
788
360
167
373
938
449
582
230
690
604
812
835
885
707
846
573
989
955
3
596
79
418
369
37
840
208
807
183
223
768
978
269
804
908
798
397
976
643
436
920
902
698
353
288
621
852
434
839
644
799
263
632
51
952
916
287
338
153
475
996
205
847
501
800
355
166
162
157
115
101
336
773
511
118
433
192
31
714
396
771
641
718
516
121
676
924
130
948
792
861
48
940
204
34
696
238
137
294
26
210
541
659
677
328
215
199
43
339
589
293
28
374
379
625
747
195
986
383
522
444
678
603
398
454
711
468
965
273
440
560
296
324
870
91
362
796
265
207
728
35
592
766
564
182
660
271
568
889
576
613
146
474
278
470
974
733
89
477
884
809
545
299
505
590
169
518
427
827
865
123
478
971
549
384
285
74
236
314
688
322
731
483
347
503
354
216
21
931
547
775
464
382
219
567
95
793
116
276
151
39
579
20
458
19
81
776
304
654
127
311
601
765
73
963
962
317
608
628
669
745
903
113
939
754
820
985
537
803
949
337
330
375
260
482
439
805
685
145
508
650
656
995
471
874
720
866
895
930
859
239
420
781
864
378
138
18
385
881
352
366
779
415
104
739
719
165
723
570
64
342
11
214
368
605
772
487
280
110
240
189
946
438
524
320
6
423
246
190
810
456
344
90
295
701
83
234
987
388
670
321
533
692
629
819
742
5
851
849
749
727
729
896
626
417
489
361
479
23
646
203
890
880
111
684
154
892
783
683
370
689
77
975
855
559
232
94
980
93
69
266
923
284
174
927
248
734
557
409
730
351
484
735
377
868
184
787
529
726
172
645
82
961
386
598
106
7
261
826
758
255
588
53
801
498
724
577
298
813
194
879
515
574
126
750
275
425
600
708
850
245
267
869
806
563
674
254
774
624
941
308
876
617
583
289
448
55
791
143
662
8
119
497
447
740
664
429
736
983
994
979
327
575
391
218
486
332
432
200
455
403
795
231
281
700
185
393
942
607
233
480
117
926
668
14
97
217
521
929
635
808
493
453
144
32
329
834
120
114
519
945
253
346
485
970
312
680
858
536
400
893
380
652
753
525
535
752
411
919
932
40
997
517
259
502
993
782
227
833
619
363
389
982
462
348
925
38
584
562
906
706
132
33
87
307
873
334
277
473
759
546
875
134
66
61
845
430
672
992
290
404
175
762
141
58
457
426
867
741
164
990
78
721
634
844
335
323
595
124
177
509
16
831
305
15
871
591
599
450
451
176
257
407
197
80
642
496
22
500
542
553
131
494
303
531
365
713
318
911
412
44
901
316
602
622
732
640
606
49
587
72
129
984
173
387
627
552
258
191
748
452
243
92
9
507
107
761
60
461
838
935
13
224
580
88
4
139
914
532
933
1000
614
225
715
767
554
152
593
673
292
268
244
898
594
548
988
76
416
769
999
967
811
226
830
343
862
291
140
581
264
578
746
814
186
371
679
367
623
551
784
57
437
872
534
466
817
934
